  290.46  0.14  0.05  74.64  1189.55  15.94  35.70  65.54  330.27  1 0 0 0 0 0  
  275.68  0.15  0.19  91.53  1756.23  19.19  39.31  82.66  331.59  1 0 0 0 0 0  
  470.00  0.21  0.23  184.59  8185.36  44.34  84.48  164.12  603.32  1 0 0 0 0 0  
  423.00  0.22  0.26  172.37  6108.11  35.44  79.06  153.17  558.27  1 0 0 0 0 0  
  410.00  0.32  0.30  255.82  10622.55  41.52  67.52  246.74  508.54  1 0 0 0 0 0  
  500.00  0.23  0.05  219.30  9819.45  44.78  76.87  207.27  602.53  1 0 0 0 0 0  
  438.78  0.21  0.06  120.90  4879.50  40.36  80.79  89.94  525.42  1 0 0 0 0 0  
  366.94  0.28  0.25  172.75  7064.82  40.90  75.60  155.32  471.59  1 0 0 0 0 0  
  485.67  0.23  0.13  253.89  8135.97  32.04  64.86  245.47  541.36  1 0 0 0 0 0  
  390.00  0.36  0.20  245.69  10055.84  40.93  70.32  236.49  477.55  1 0 0 0 0 0  
  269.50  0.21  0.04  80.41  1963.61  24.42  44.74  66.84  329.09  1 0 0 0 0 0  
  300.00  0.19  0.17  97.11  3039.56  31.30  51.35  82.42  387.08  1 0 0 0 0 0  
  243.29  0.04  0.07  68.54  383.93  5.60  9.99  67.82  263.64  0 1 0 0 0 0  
  259.89  0.07  0.01  58.24  465.09  7.99  17.51  56.34  267.52  0 1 0 0 0 0  
  250.00  0.07  -0.02  57.17  652.90  11.42  17.78  55.79  278.31  0 1 0 0 0 0  
  200.00  0.04  0.12  42.32  220.81  5.22  10.68  40.95  218.03  0 1 0 0 0 0  
  355.00  0.06  0.08  89.56  1033.85  11.54  27.56  86.58  372.04  0 1 0 0 0 0  
  272.00  0.09  0.00  63.79  718.95  11.27  20.09  60.69  286.92  0 1 0 0 0 0  
  341.62  0.09  0.07  85.04  1370.84  16.12  29.03  79.94  385.13  0 1 0 0 0 0  
  160.32  0.18  0.16  37.22  341.88  9.19  30.89  20.76  187.57  0 1 0 0 0 0  
  301.30  0.11  0.04  64.62  942.77  14.59  29.05  57.72  335.77  0 1 0 0 0 0  
  155.00  0.17  0.12  38.94  415.11  10.66  25.84  29.13  184.82  0 1 0 0 0 0  
  144.00  0.12  0.05  19.65  70.43  3.58  18.13  7.57  160.37  0 1 0 0 0 0  
  178.00  0.17  0.21  41.54  489.44  11.78  35.75  21.16  215.91  0 0 1 0 0 0  
  195.00  0.14  0.21  37.46  328.38  8.77  35.02  13.29  232.59  0 0 1 0 0 0  
  435.09  0.08  0.16  123.60  1342.28  10.86  37.38  117.81  433.20  0 0 1 0 0 0  
  250.00  0.05  0.01  70.91  224.15  3.16  9.10  70.32  232.28  0 0 1 0 0 0  
  339.51  0.05  0.03  88.63  331.08  3.74  19.83  87.62  307.79  0 0 1 0 0 0  
  236.00  0.12  0.20  48.45  236.88  4.89  36.01  32.42  244.97  0 0 1 0 0 0  
  481.47  0.08  0.02  79.06  1154.34  14.60  33.93  71.41  501.89  0 0 1 0 0 0  
  252.00  0.11  0.03  38.54  493.79  12.81  25.54  28.87  280.66  0 0 1 0 0 0  
  172.52  0.13  0.04  37.54  192.22  5.12  19.32  32.19  174.93  0 0 1 0 0 0  
  121.00  0.17  0.09  24.44  144.47  5.91  22.02  10.59  141.77  0 0 1 0 0 0   
  281.32  0.23  0.44  157.88  5305.12  33.60  46.38  150.92  398.90  0 0 1 0 0 0  
  327.00  0.14  0.08  76.21  1664.67  21.84  43.22  62.77  379.26  0 0 1 0 0 0  
  470.52  0.13  0.07  150.22  2657.91  17.69  47.56  142.50  491.47  0 0 0 1 0 0  
  223.00  0.12  0.08  33.10  197.01  5.95  30.45  12.96  252.48  0 0 0 1 0 0  
  152.00  0.17  0.23  34.22  94.35  2.76  31.28  13.88  180.61  0 0 0 1 0 0  
  303.00  0.06  0.04  22.57  102.50  4.54  21.83  5.72  321.65  0 0 0 1 0 0  
  250.00  0.09  0.09  29.64  180.76  6.10  26.14  13.96  280.12  0 0 0 1 0 0  
  197.00  0.13  0.07  33.46  409.65  12.24  26.99  19.77  231.78  0 0 0 1 0 0  
  197.00  0.13  0.07  33.46  409.65  12.24  26.99  19.77  231.78  0 0 0 1 0 0  
  216.41  0.12  0.07  53.60  280.45  5.23  22.79  48.51  215.37  0 0 0 1 0 0  
  178.00  0.15  0.10  40.29  474.40  11.77  25.92  30.85  209.18  0 0 0 1 0 0  
  185.00  0.15  0.09  39.89  361.75  9.07  26.86  29.49  210.18  0 0 0 1 0 0  
  1724.09  0.05  -0.02  404.13  3053.97  7.56  71.43  399.19  1489.39  0 0 0 0 1 0  
  1385.66  0.09  0.09  202.48  8785.03  43.39  143.09  143.26  1524.61  0 0 0 0 1 0  
  1461.75  0.04  0.05  391.85  5574.00  14.22  57.23  387.64  1428.84  0 0 0 0 1 0  
  1496.74  0.10  0.08  640.28  11072.00  17.29  108.29  631.05  1178.27  0 0 0 0 1 0  
  1111.81  0.10  0.07  386.99  7659.74  19.79  86.03  377.30  990.98  0 0 0 0 1 0  
  1270.67  0.08  0.07  555.35  3612.97  6.51  68.78  551.08  895.19  0 0 0 0 1 0  
  1647.94  0.08  0.09  576.77  11852.49  20.55  111.44  565.90  1402.88  0 0 0 0 1 0  
  1535.85  0.09  0.00  637.35  10814.05  16.97  96.61  632.17  1197.76  0 0 0 0 1 0  
  2100.00  0.06  -0.05  390.48  16640.72  42.62  125.90  380.64  2073.03  0 0 0 0 0 1  
  1800.00  0.03  0.04  301.06  4406.15  14.64  67.63  293.37  1742.38  0 0 0 0 0 1  
  2100.00  0.12  0.38  450.55  35671.61  79.17  436.10  113.20  2461.45  0 0 0 0 0 1  
  1666.15  0.01  0.06  72.93  1402.23  19.23  51.85  58.60  1746.58  0 0 0 0 0 1  
  1700.00  0.04  0.11  120.65  12331.10  102.20  120.30  -9.26  2212.18  0 0 0 0 0 1  
  1949.12  0.05  0.02  170.33  3212.08  18.86  101.46  136.82  1941.37  0 0 0 0 0 1  
  1850.00  0.08  0.07  253.62  13113.20  51.70  160.07  196.73  1916.99  0 0 0 0 0 1  
  2350.00  0.08  0.27  515.29  27758.64  53.87  289.57  426.23  2457.68  0 0 0 0 0 1  
  1800.00  0.09  0.21  362.86  15021.55  41.40  217.83  290.20  1893.66  0 0 0 0 0 1  
  1900.00  0.05  0.11  272.62  7481.59  27.44  138.36  234.90  1924.52  0 0 0 0 0 1  
  1800.00  0.07  0.16  385.56  13831.72  35.87  157.57  351.90  1823.03  0 0 0 0 0 1  
  1850.00  0.07  0.23  325.19  8644.98  26.58  208.74  249.35  1908.18  0 0 0 0 0 1  
  1650.00  0.05  0.04  274.43  5824.90  21.23  81.24  262.13  1603.07  0 0 0 0 0 1  
  2800.00  0.08  0.18  583.26  31388.65  53.82  298.58  501.04  2896.58  0 0 0 0 0 1  
  2329.84  0.07  0.35  377.25  25369.04  67.25  336.08  171.39  2686.44  0 0 0 0 0 1 
  2300.00  0.05  0.14  185.45  5086.29  27.43  178.69  49.59  2480.59  0 0 0 0 0 1  
  2600.00  0.07  0.05  745.47  39845.77  53.45  154.12  729.37  2545.42  0 0 0 0 0 1  
  330.00  0.23  0.27  121.15  3163.24  26.11  69.72  99.08  400.23  1 0 0 0 0 0  
  551.88  0.23  0.06  264.80  11888.39  44.89  77.79  253.79  656.77  1 0 0 0 0 0  

  
