2.600000000000000000e+01
2.700000000000000000e+01
2.100000000000000000e+01
3.100000000000000000e+01
3.400000000000000000e+01
4.300000000000000000e+01
3.600000000000000000e+01
3.400000000000000000e+01
4.900000000000000000e+01
5.900000000000000000e+01
5.700000000000000000e+01
6.100000000000000000e+01
7.100000000000000000e+01
6.500000000000000000e+01
6.700000000000000000e+01
7.700000000000000000e+01
6.900000000000000000e+01
6.900000000000000000e+01
7.600000000000000000e+01
8.100000000000000000e+01
